Input Matrices:
A1: 
[648, 214, 613, 215, 458, 274, 313, 554, 934, 702, 422, 676, 228, 743, 844, 835, 163, 245, 809, 468, 50, 671, 838, 578, 267, 382, 745, 181, 32, 602, 612, 53, 101, 20, 210]

[802, 989, 97, 666, 554, 801, 863, 876, 437, 963, 135, 592, 913, 409, 800, 430, 341, 500, 508, 295, 708, 488, 905, 579, 944, 878, 950, 404, 583, 61, 423, 536, 39, 584, 679]

[44, 914, 337, 698, 243, 518, 690, 388, 854, 188, 876, 217, 661, 506, 24, 986, 348, 367, 651, 881, 64, 451, 976, 201, 137, 433, 341, 28, 626, 9, 142, 27, 867, 894, 280]

[348, 440, 225, 126, 267, 106, 960, 344, 671, 451, 671, 538, 31, 855, 881, 73, 529, 638, 659, 903, 79, 381, 381, 215, 767, 525, 486, 157, 366, 827, 43, 132, 944, 470, 947]

[891, 862, 120, 546, 122, 676, 755, 944, 318, 182, 997, 438, 900, 382, 86, 76, 18, 309, 574, 42, 497, 420, 852, 337, 351, 877, 457, 948, 993, 83, 130, 576, 101, 642, 300]

[702, 509, 221, 34, 609, 520, 843, 394, 977, 426, 180, 862, 786, 116, 349, 527, 985, 678, 926, 515, 709, 297, 205, 439, 710, 153, 905, 256, 764, 615, 268, 50, 622, 301, 725]

[988, 942, 923, 282, 899, 454, 358, 471, 130, 977, 128, 109, 587, 600, 363, 850, 688, 759, 926, 168, 802, 404, 210, 69, 451, 411, 823, 71, 479, 769, 847, 937, 932, 131, 92]

[279, 402, 153, 693, 778, 629, 669, 43, 936, 272, 330, 290, 763, 332, 691, 76, 332, 391, 746, 743, 932, 359, 209, 431, 951, 949, 432, 494, 605, 118, 532, 279, 6, 668, 912]

[842, 882, 404, 298, 969, 290, 265, 868, 537, 654, 182, 158, 221, 884, 624, 989, 757, 322, 9, 954, 923, 288, 857, 665, 942, 733, 47, 972, 335, 428, 942, 260, 361, 314, 275]

[92, 366, 231, 2, 137, 956, 847, 727, 858, 950, 724, 186, 704, 743, 162, 757, 858, 249, 214, 959, 360, 339, 260, 723, 449, 258, 227, 58, 315, 934, 447, 764, 654, 13, 52]

[382, 766, 85, 889, 310, 500, 219, 864, 354, 759, 505, 697, 358, 796, 523, 662, 796, 279, 170, 86, 197, 869, 610, 33, 150, 992, 606, 373, 366, 750, 723, 427, 659, 294, 530]

[825, 517, 775, 751, 981, 194, 295, 143, 618, 233, 854, 390, 658, 274, 245, 646, 409, 114, 597, 356, 505, 852, 616, 732, 672, 315, 942, 860, 786, 748, 333, 526, 451, 680, 881]

[224, 981, 816, 356, 21, 979, 561, 930, 622, 104, 982, 435, 595, 751, 189, 174, 795, 848, 642, 206, 956, 451, 999, 563, 660, 828, 365, 168, 438, 531, 388, 997, 240, 78, 726]

[409, 784, 878, 162, 925, 615, 907, 901, 271, 446, 477, 579, 354, 797, 776, 434, 862, 667, 850, 343, 818, 823, 501, 698, 83, 204, 644, 741, 534, 332, 115, 706, 522, 948, 767]

[322, 579, 476, 839, 193, 581, 2, 718, 759, 622, 372, 894, 18, 661, 347, 947, 303, 861, 144, 665, 199, 56, 494, 530, 270, 882, 919, 272, 679, 75, 947, 939, 986, 312, 363]

[288, 48, 232, 75, 303, 774, 966, 365, 895, 44, 167, 427, 584, 42, 737, 420, 676, 504, 669, 624, 179, 659, 803, 591, 97, 96, 537, 467, 38, 617, 760, 54, 603, 892, 516]

[261, 396, 235, 477, 780, 222, 150, 806, 780, 606, 444, 866, 335, 67, 881, 486, 884, 1, 313, 910, 174, 83, 139, 72, 223, 180, 57, 439, 369, 330, 771, 885, 109, 840, 27]

[217, 221, 615, 283, 937, 547, 608, 970, 443, 789, 920, 454, 886, 880, 864, 300, 920, 1, 216, 203, 507, 211, 24, 350, 345, 642, 883, 927, 496, 190, 104, 833, 69, 915, 526]

[271, 49, 141, 739, 424, 170, 745, 161, 251, 433, 567, 102, 679, 91, 852, 22, 315, 894, 523, 343, 693, 666, 971, 209, 774, 753, 916, 336, 370, 116, 259, 599, 189, 556, 214]

[187, 249, 298, 761, 241, 732, 99, 118, 77, 39, 452, 498, 984, 249, 318, 148, 189, 217, 389, 130, 240, 547, 603, 148, 723, 201, 460, 185, 375, 971, 717, 576, 843, 554, 174]

[311, 572, 550, 802, 79, 81, 47, 743, 225, 346, 152, 998, 241, 909, 559, 600, 601, 236, 993, 2, 65, 910, 611, 327, 161, 520, 164, 793, 25, 768, 550, 236, 632, 878, 619]

[719, 600, 88, 156, 311, 131, 464, 764, 402, 367, 172, 75, 21, 732, 73, 974, 907, 311, 717, 652, 922, 663, 472, 876, 747, 60, 886, 370, 550, 895, 884, 536, 112, 412, 180]

[41, 26, 397, 718, 81, 543, 913, 373, 432, 970, 617, 964, 517, 305, 458, 211, 895, 682, 814, 658, 983, 416, 973, 256, 113, 218, 826, 160, 953, 216, 880, 897, 827, 675, 163]



A2: 
[273, 26, 280, 546, 109, 386, 945, 858, 119, 250, 664, 151]

[253, 416, 265, 19, 538, 760, 931, 73, 859, 696, 210, 131]

[424, 299, 452, 47, 444, 341, 901, 848, 675, 629, 514, 721]

[736, 158, 351, 516, 608, 584, 13, 161, 870, 893, 844, 298]

[764, 485, 664, 627, 435, 562, 123, 839, 399, 456, 655, 749]

[33, 396, 814, 777, 322, 77, 88, 455, 641, 472, 560, 251]

[394, 629, 364, 828, 108, 759, 534, 615, 564, 401, 668, 999]

[891, 268, 777, 689, 905, 85, 805, 894, 868, 99, 888, 314]

[521, 238, 230, 930, 254, 307, 568, 755, 625, 500, 135, 708]

[225, 540, 885, 21, 191, 120, 394, 393, 768, 97, 264, 375]

[626, 663, 651, 287, 24, 839, 192, 415, 940, 748, 945, 949]

[56, 316, 235, 383, 105, 953, 92, 606, 257, 352, 932, 89]

[408, 574, 95, 142, 917, 86, 195, 707, 918, 696, 717, 267]

[730, 524, 147, 396, 375, 691, 997, 508, 454, 190, 356, 724]

[959, 992, 631, 517, 761, 110, 887, 991, 578, 807, 726, 121]

[648, 487, 160, 114, 722, 125, 965, 174, 318, 564, 123, 892]

[663, 199, 660, 644, 530, 398, 897, 126, 885, 165, 763, 662]

[549, 971, 281, 739, 627, 672, 363, 486, 323, 103, 970, 176]

[216, 787, 90, 940, 855, 766, 61, 20, 726, 756, 492, 792]

[417, 687, 829, 697, 201, 356, 268, 611, 201, 418, 687, 721]

[102, 307, 419, 538, 74, 82, 172, 25, 806, 524, 45, 26]

[522, 588, 36, 560, 306, 663, 977, 148, 742, 30, 891, 968]

[822, 561, 191, 618, 288, 992, 62, 284, 256, 877, 185, 480]

[82, 509, 596, 248, 623, 494, 788, 891, 482, 35, 142, 932]

[766, 850, 190, 877, 558, 502, 961, 33, 848, 48, 95, 150]

[119, 368, 200, 673, 99, 498, 530, 380, 319, 340, 212, 658]

[711, 988, 90, 588, 204, 326, 318, 660, 342, 562, 47, 798]

[589, 308, 337, 158, 163, 429, 665, 348, 265, 559, 114, 12]

[293, 310, 49, 138, 285, 194, 737, 451, 139, 449, 204, 351]

[52, 249, 495, 923, 118, 795, 569, 219, 142, 515, 640, 948]

[748, 836, 472, 798, 963, 337, 40, 345, 433, 93, 426, 655]

[135, 548, 143, 935, 141, 83, 365, 722, 606, 890, 399, 950]

[147, 786, 207, 768, 622, 920, 866, 94, 821, 473, 88, 163]

[169, 665, 494, 723, 579, 732, 826, 950, 746, 853, 315, 762]

[787, 284, 738, 552, 789, 794, 544, 441, 239, 17, 118, 442]



A3: 
[185, 399, 923, 138, 180, 329, 958, 724, 447, 3, 424, 887, 239, 277, 564, 595, 705, 338, 262, 615, 615, 906, 254, 894, 670, 351, 64, 183, 848, 573, 681, 635, 994, 35, 103, 2, 364, 742, 669, 254, 904, 732, 354, 753, 297, 101, 869, 339, 57, 326, 23, 51, 375]

[584, 837, 718, 476, 829, 617, 110, 80, 770, 20, 762, 438, 552, 906, 835, 425, 301, 929, 974, 385, 688, 919, 309, 877, 945, 624, 393, 510, 534, 985, 554, 510, 658, 580, 334, 228, 511, 424, 376, 101, 317, 716, 16, 369, 171, 280, 89, 583, 650, 703, 655, 765, 522]

[565, 39, 320, 515, 850, 561, 620, 829, 840, 984, 40, 99, 950, 930, 106, 34, 553, 402, 259, 808, 868, 675, 230, 600, 916, 903, 370, 698, 291, 822, 913, 470, 111, 274, 740, 225, 573, 87, 510, 432, 447, 704, 122, 497, 896, 644, 153, 394, 752, 584, 708, 569, 521]

[598, 42, 618, 484, 859, 310, 903, 976, 798, 585, 649, 184, 667, 295, 237, 272, 992, 273, 874, 308, 287, 422, 879, 93, 938, 830, 338, 761, 741, 301, 546, 45, 205, 569, 742, 394, 959, 904, 430, 562, 907, 856, 407, 581, 942, 436, 485, 516, 367, 184, 584, 665, 897]

[586, 297, 977, 135, 717, 486, 464, 463, 27, 73, 279, 957, 918, 183, 508, 576, 275, 396, 774, 113, 27, 907, 194, 119, 815, 459, 487, 32, 208, 158, 684, 122, 921, 363, 329, 264, 193, 779, 352, 240, 529, 440, 505, 417, 750, 129, 724, 457, 347, 259, 415, 108, 118]

[714, 756, 370, 477, 381, 637, 279, 245, 439, 311, 966, 63, 729, 584, 607, 327, 708, 295, 573, 955, 5, 615, 765, 620, 378, 271, 216, 924, 145, 465, 953, 372, 959, 149, 586, 272, 565, 681, 385, 258, 175, 343, 232, 920, 335, 107, 74, 443, 526, 671, 385, 885, 90]

[565, 837, 694, 43, 881, 527, 74, 416, 993, 459, 874, 863, 1, 988, 878, 689, 223, 617, 148, 59, 48, 997, 240, 433, 133, 869, 601, 237, 406, 706, 515, 661, 617, 374, 237, 403, 86, 755, 513, 478, 226, 423, 172, 189, 86, 444, 554, 956, 820, 492, 799, 231, 990]

[193, 460, 491, 970, 570, 700, 860, 958, 954, 993, 33, 684, 443, 728, 388, 34, 232, 366, 661, 217, 896, 437, 294, 647, 829, 320, 289, 83, 100, 927, 350, 189, 392, 582, 929, 983, 983, 32, 536, 324, 310, 772, 577, 884, 312, 201, 746, 665, 185, 164, 379, 609, 770]

[562, 221, 296, 397, 188, 246, 57, 167, 807, 764, 352, 221, 876, 919, 720, 927, 91, 956, 348, 762, 758, 427, 724, 962, 749, 802, 238, 692, 502, 378, 574, 697, 327, 983, 668, 182, 738, 654, 745, 880, 987, 727, 445, 886, 657, 721, 583, 615, 895, 412, 634, 754, 837]

[506, 489, 284, 320, 399, 151, 443, 66, 264, 389, 801, 855, 240, 169, 125, 342, 212, 207, 564, 641, 0, 215, 61, 705, 843, 242, 857, 40, 102, 714, 865, 948, 266, 86, 978, 773, 926, 638, 651, 308, 400, 65, 655, 903, 571, 769, 582, 141, 766, 456, 606, 307, 278]

[113, 78, 728, 329, 581, 155, 619, 227, 336, 276, 311, 655, 31, 784, 369, 283, 361, 192, 310, 149, 199, 638, 563, 332, 377, 196, 554, 407, 327, 394, 869, 42, 528, 23, 203, 224, 851, 784, 636, 10, 544, 79, 675, 236, 321, 411, 327, 633, 394, 941, 845, 797, 354]

[99, 670, 568, 189, 349, 137, 435, 392, 748, 813, 723, 57, 986, 388, 810, 496, 949, 983, 12, 117, 262, 466, 727, 831, 742, 60, 636, 286, 519, 966, 139, 367, 360, 221, 99, 850, 595, 254, 94, 960, 361, 229, 50, 382, 181, 369, 28, 641, 581, 687, 448, 141, 300]



A4: 
[450, 219, 678, 853, 884, 577, 170, 466, 548, 715]

[593, 531, 84, 664, 481, 459, 573, 684, 947, 491]

[401, 174, 308, 450, 29, 75, 953, 76, 665, 616]

[834, 774, 102, 44, 513, 900, 403, 916, 104, 10]

[499, 232, 964, 695, 182, 355, 585, 864, 322, 633]

[299, 505, 382, 457, 879, 693, 292, 361, 708, 454]

[265, 80, 498, 664, 82, 806, 485, 464, 964, 144]

[717, 139, 143, 984, 749, 129, 920, 938, 973, 440]

[834, 649, 703, 532, 792, 87, 523, 452, 58, 827]

[287, 216, 554, 53, 607, 710, 370, 517, 316, 524]

[843, 658, 964, 208, 564, 638, 767, 324, 21, 918]

[49, 349, 439, 536, 904, 162, 539, 373, 580, 881]

[347, 854, 573, 621, 345, 330, 966, 284, 18, 437]

[333, 133, 150, 229, 651, 799, 903, 894, 254, 556]

[19, 101, 776, 236, 63, 34, 252, 902, 778, 550]

[573, 57, 788, 116, 139, 609, 73, 604, 827, 157]

[46, 834, 265, 421, 511, 606, 773, 161, 594, 996]

[535, 501, 452, 891, 456, 217, 757, 379, 39, 484]

[850, 279, 612, 912, 16, 267, 924, 312, 712, 991]

[898, 823, 363, 336, 879, 306, 19, 360, 509, 213]

[395, 572, 157, 692, 772, 540, 131, 519, 581, 183]

[403, 833, 439, 244, 363, 202, 474, 389, 645, 335]

[127, 806, 79, 315, 180, 260, 136, 824, 773, 752]

[449, 118, 237, 218, 205, 188, 904, 922, 103, 580]

[188, 386, 159, 223, 556, 200, 992, 458, 664, 520]

[921, 681, 237, 557, 142, 224, 396, 824, 554, 569]

[274, 601, 995, 879, 500, 226, 650, 865, 748, 76]

[126, 378, 988, 472, 356, 405, 382, 16, 597, 213]

[141, 870, 908, 859, 196, 426, 322, 33, 889, 49]

[968, 419, 710, 880, 584, 893, 244, 592, 529, 143]

[268, 612, 13, 286, 787, 166, 480, 724, 688, 327]

[447, 263, 782, 653, 411, 927, 497, 422, 913, 353]

[63, 835, 487, 297, 556, 904, 565, 492, 801, 112]

[341, 107, 299, 134, 976, 507, 292, 742, 495, 346]

[432, 17, 827, 668, 37, 847, 201, 723, 47, 871]

[933, 253, 544, 370, 154, 223, 201, 190, 532, 336]

[848, 391, 794, 584, 646, 295, 555, 919, 978, 413]

[996, 586, 207, 668, 915, 216, 640, 34, 59, 970]

[988, 329, 468, 953, 665, 595, 94, 818, 105, 726]

[146, 332, 723, 599, 253, 210, 656, 34, 866, 668]

[652, 624, 739, 744, 228, 697, 636, 734, 578, 817]

[428, 977, 417, 639, 768, 433, 327, 600, 70, 381]

[815, 259, 235, 925, 880, 909, 49, 102, 270, 628]

[209, 711, 59, 881, 809, 185, 937, 495, 945, 387]

[998, 256, 88, 866, 509, 742, 94, 56, 533, 422]

[526, 780, 632, 369, 251, 799, 986, 845, 35, 511]

[772, 273, 755, 812, 332, 797, 161, 79, 259, 815]

[328, 371, 90, 946, 796, 395, 250, 601, 82, 755]

[239, 10, 43, 507, 424, 893, 437, 62, 157, 787]

[646, 497, 85, 900, 6, 775, 596, 905, 623, 400]

[653, 112, 380, 394, 594, 405, 883, 248, 205, 773]

[608, 470, 241, 878, 328, 951, 274, 19, 519, 326]

[30, 804, 22, 472, 886, 49, 748, 603, 805, 735]



A5: 
[456, 760, 228, 316, 769, 979, 880, 100, 994, 27, 793, 685]

[308, 21, 599, 592, 106, 779, 267, 974, 747, 434, 535, 930]

[528, 169, 779, 30, 475, 133, 405, 789, 367, 17, 12, 831]

[818, 203, 426, 843, 556, 266, 883, 78, 170, 364, 398, 986]

[116, 651, 527, 203, 711, 87, 294, 778, 327, 183, 248, 20]

[965, 777, 695, 245, 793, 273, 153, 406, 356, 126, 90, 70]

[501, 592, 663, 580, 558, 94, 168, 922, 194, 932, 97, 669]

[613, 945, 470, 705, 8, 126, 952, 761, 551, 75, 479, 917]

[745, 332, 110, 972, 468, 672, 606, 945, 426, 154, 64, 314]

[68, 576, 339, 666, 113, 377, 78, 761, 258, 444, 354, 489]



A6: 
[374, 227, 743, 297, 141, 782, 298, 575, 404, 252, 424, 14, 340, 485, 649, 831, 238, 202, 523, 884, 871, 966, 418, 512, 668, 286, 713, 858, 915, 795, 192, 280, 229, 609, 971, 895, 459, 120, 194, 17, 36, 671, 530, 608, 257, 120, 583, 758, 358, 694, 940, 447, 541, 380, 201, 726, 600, 519, 624, 373, 306, 827, 548, 808, 218, 300, 854, 432, 677, 667, 997, 245, 960, 504, 913, 341, 911, 918, 605, 897, 293, 938, 974, 399, 896, 325, 532, 794, 392, 977, 933]

[877, 468, 232, 152, 407, 120, 456, 204, 191, 687, 547, 542, 633, 233, 827, 137, 737, 394, 451, 517, 220, 823, 312, 190, 151, 445, 910, 32, 823, 624, 999, 60, 815, 973, 894, 818, 703, 204, 906, 811, 481, 413, 894, 129, 680, 342, 845, 917, 785, 454, 355, 597, 44, 857, 686, 296, 395, 313, 795, 911, 296, 725, 637, 298, 710, 144, 569, 956, 174, 977, 21, 165, 482, 987, 726, 738, 973, 904, 809, 538, 209, 599, 905, 567, 931, 6, 311, 767, 881, 718, 216]

[279, 867, 922, 272, 643, 551, 867, 52, 164, 854, 52, 853, 318, 981, 796, 353, 645, 694, 781, 307, 492, 84, 0, 346, 721, 598, 371, 952, 624, 730, 985, 977, 531, 859, 132, 619, 875, 613, 385, 700, 989, 725, 295, 359, 860, 158, 694, 521, 166, 910, 856, 336, 166, 663, 303, 242, 798, 657, 691, 899, 591, 740, 637, 697, 599, 924, 214, 82, 893, 165, 933, 733, 131, 310, 505, 718, 241, 18, 835, 106, 618, 417, 862, 498, 813, 949, 118, 709, 715, 584, 931]

[518, 463, 699, 264, 621, 383, 874, 996, 793, 838, 779, 957, 243, 291, 429, 475, 558, 409, 348, 88, 610, 108, 539, 530, 823, 805, 443, 299, 783, 698, 823, 949, 140, 101, 498, 933, 89, 55, 792, 539, 941, 929, 538, 731, 42, 559, 277, 779, 219, 850, 738, 497, 411, 432, 303, 841, 283, 337, 436, 136, 667, 809, 539, 72, 322, 333, 862, 264, 385, 12, 788, 998, 193, 35, 782, 348, 693, 589, 68, 533, 866, 278, 525, 538, 554, 618, 523, 838, 760, 846, 901]

[466, 6, 498, 838, 445, 507, 186, 867, 868, 728, 400, 969, 82, 113, 960, 340, 516, 609, 712, 773, 740, 806, 337, 699, 727, 755, 406, 826, 61, 372, 40, 169, 797, 908, 979, 477, 891, 755, 921, 131, 983, 588, 425, 763, 866, 154, 460, 184, 831, 922, 948, 300, 628, 435, 360, 376, 852, 290, 80, 720, 675, 50, 346, 485, 597, 473, 279, 277, 947, 470, 206, 693, 819, 303, 506, 462, 91, 863, 330, 741, 641, 363, 501, 69, 930, 909, 831, 743, 429, 50, 109]

[665, 211, 719, 457, 69, 126, 721, 274, 536, 651, 657, 388, 67, 813, 437, 399, 54, 223, 612, 926, 280, 550, 218, 439, 259, 193, 681, 394, 69, 374, 481, 855, 937, 586, 382, 809, 924, 836, 895, 705, 459, 566, 359, 96, 769, 241, 404, 468, 279, 357, 669, 590, 780, 458, 505, 382, 572, 813, 410, 436, 229, 250, 737, 212, 276, 507, 395, 341, 398, 146, 704, 702, 819, 841, 388, 101, 844, 787, 206, 974, 437, 110, 127, 428, 46, 296, 661, 559, 547, 803, 149]

[866, 652, 975, 726, 7, 902, 858, 282, 10, 136, 846, 880, 359, 274, 335, 884, 864, 848, 15, 993, 863, 660, 777, 597, 77, 249, 894, 858, 517, 156, 335, 900, 535, 781, 151, 558, 980, 204, 124, 751, 171, 486, 275, 435, 271, 454, 197, 108, 821, 728, 905, 855, 581, 825, 415, 115, 988, 10, 830, 579, 19, 955, 315, 397, 249, 605, 624, 443, 184, 88, 956, 15, 662, 299, 372, 884, 306, 577, 974, 823, 520, 272, 293, 476, 675, 446, 302, 981, 694, 428, 238]

[21, 784, 100, 38, 139, 841, 647, 604, 490, 245, 767, 263, 421, 452, 835, 214, 168, 52, 377, 582, 210, 500, 749, 263, 102, 365, 512, 513, 936, 783, 316, 480, 509, 101, 979, 265, 987, 494, 544, 848, 655, 465, 501, 440, 574, 60, 115, 470, 779, 841, 785, 346, 15, 502, 819, 610, 407, 727, 539, 621, 383, 74, 605, 481, 436, 63, 357, 394, 88, 578, 915, 336, 638, 71, 366, 643, 820, 584, 319, 526, 809, 101, 156, 597, 532, 697, 821, 796, 692, 781, 267]

[525, 950, 580, 772, 229, 769, 211, 780, 589, 302, 978, 117, 536, 938, 66, 743, 629, 933, 221, 522, 355, 925, 341, 208, 995, 924, 674, 856, 671, 329, 436, 989, 342, 746, 889, 341, 632, 471, 483, 261, 804, 481, 705, 458, 116, 393, 609, 178, 505, 805, 39, 817, 641, 493, 348, 247, 225, 620, 557, 183, 697, 290, 743, 107, 187, 190, 924, 443, 550, 249, 357, 756, 85, 597, 524, 477, 760, 389, 13, 212, 940, 278, 761, 79, 700, 563, 782, 415, 835, 758, 230]

[7, 580, 354, 417, 330, 496, 766, 426, 346, 883, 660, 820, 973, 748, 151, 279, 210, 559, 451, 179, 338, 577, 702, 463, 937, 607, 844, 983, 459, 268, 352, 992, 339, 869, 214, 504, 151, 170, 831, 159, 927, 19, 155, 292, 389, 372, 298, 286, 942, 271, 150, 776, 750, 429, 376, 743, 442, 768, 467, 115, 39, 744, 558, 968, 488, 96, 778, 768, 548, 140, 339, 486, 982, 154, 564, 977, 422, 257, 963, 908, 349, 146, 148, 358, 518, 898, 201, 923, 831, 42, 622]

[526, 159, 219, 842, 593, 385, 281, 922, 171, 687, 891, 744, 788, 962, 267, 329, 512, 989, 168, 93, 126, 58, 686, 447, 307, 316, 951, 35, 552, 43, 776, 167, 909, 14, 194, 138, 968, 891, 396, 186, 790, 890, 90, 50, 77, 664, 972, 536, 507, 807, 596, 772, 119, 154, 149, 300, 234, 581, 557, 204, 585, 683, 880, 747, 98, 82, 769, 129, 529, 418, 836, 749, 110, 795, 301, 443, 212, 283, 15, 522, 464, 366, 18, 124, 84, 728, 804, 342, 559, 398, 235]

[7, 803, 331, 852, 662, 251, 270, 675, 708, 639, 49, 799, 296, 750, 948, 753, 385, 78, 832, 249, 102, 858, 423, 261, 73, 49, 432, 527, 67, 263, 986, 154, 841, 26, 54, 265, 939, 251, 662, 964, 197, 391, 332, 256, 679, 986, 179, 761, 511, 431, 458, 718, 719, 77, 47, 866, 728, 937, 152, 434, 949, 452, 628, 512, 157, 394, 272, 387, 224, 622, 326, 729, 226, 381, 48, 410, 838, 886, 354, 930, 162, 930, 238, 746, 504, 533, 344, 723, 492, 97, 137]



A7: 
[329, 969, 108, 202, 304, 143, 206, 598, 774, 807, 713, 602, 125, 663, 860, 761, 178, 560, 54, 23, 823, 20, 492, 167, 961, 758, 143, 176, 839, 450, 429, 378, 720, 899, 698, 254]

[63, 243, 586, 68, 598, 941, 806, 270, 316, 606, 993, 810, 965, 570, 230, 37, 468, 563, 360, 978, 503, 957, 109, 65, 367, 365, 624, 557, 411, 519, 562, 110, 168, 638, 540, 477]

[479, 14, 507, 142, 835, 853, 728, 103, 405, 400, 907, 55, 518, 435, 667, 506, 576, 776, 429, 153, 1, 953, 7, 414, 549, 248, 760, 693, 432, 323, 238, 942, 221, 989, 755, 182]

[269, 247, 164, 981, 703, 926, 447, 387, 648, 630, 897, 716, 240, 421, 514, 419, 409, 586, 134, 290, 364, 819, 968, 135, 946, 798, 700, 898, 347, 543, 818, 50, 791, 969, 498, 472]

[991, 352, 56, 116, 319, 554, 542, 851, 674, 246, 128, 114, 74, 860, 640, 364, 354, 660, 502, 823, 386, 651, 412, 213, 839, 760, 268, 879, 884, 653, 222, 451, 633, 321, 529, 46]

[662, 530, 125, 484, 964, 224, 627, 228, 896, 780, 906, 489, 61, 967, 615, 811, 525, 807, 216, 869, 723, 988, 525, 767, 504, 97, 363, 715, 201, 534, 94, 100, 545, 243, 251, 635]

[184, 702, 87, 340, 544, 733, 320, 661, 695, 432, 214, 254, 310, 909, 668, 323, 405, 495, 329, 215, 848, 552, 574, 251, 930, 971, 516, 188, 709, 279, 371, 435, 900, 62, 625, 157]

[509, 268, 245, 491, 53, 122, 687, 804, 745, 833, 94, 398, 367, 340, 301, 219, 384, 439, 851, 776, 130, 548, 805, 409, 261, 252, 42, 32, 298, 202, 900, 909, 267, 603, 998, 615]

[587, 962, 486, 201, 395, 280, 968, 136, 798, 640, 20, 656, 306, 577, 749, 301, 788, 860, 255, 839, 470, 725, 436, 519, 159, 799, 515, 303, 791, 760, 934, 342, 349, 548, 775, 297]

[280, 677, 950, 773, 998, 807, 377, 440, 260, 202, 513, 543, 595, 417, 557, 306, 155, 719, 101, 212, 703, 225, 252, 695, 516, 662, 731, 644, 207, 196, 414, 984, 451, 796, 430, 914]

[59, 421, 618, 752, 18, 670, 10, 546, 172, 549, 650, 686, 321, 205, 160, 954, 550, 644, 306, 641, 719, 506, 423, 556, 581, 397, 656, 778, 16, 162, 698, 642, 865, 782, 3, 909]

[591, 2, 102, 145, 412, 981, 69, 599, 498, 163, 578, 606, 392, 363, 490, 729, 587, 919, 270, 235, 747, 972, 7, 323, 675, 57, 654, 82, 884, 205, 398, 185, 191, 241, 463, 408]

[261, 316, 303, 865, 221, 645, 918, 483, 776, 771, 254, 611, 405, 809, 693, 404, 308, 925, 681, 663, 817, 607, 959, 118, 816, 423, 792, 346, 623, 231, 785, 804, 572, 16, 205, 120]

[963, 512, 593, 870, 364, 640, 84, 74, 432, 172, 848, 292, 590, 644, 449, 602, 886, 936, 65, 153, 680, 600, 198, 770, 874, 336, 249, 160, 21, 979, 228, 896, 515, 991, 71, 370]

[423, 326, 374, 740, 600, 293, 275, 958, 659, 157, 731, 608, 437, 750, 232, 327, 282, 451, 67, 878, 900, 337, 795, 777, 52, 42, 399, 637, 406, 278, 35, 92, 724, 377, 778, 373]

[442, 439, 241, 983, 697, 491, 92, 861, 874, 767, 351, 717, 536, 462, 99, 323, 850, 325, 835, 907, 116, 376, 321, 404, 290, 594, 634, 431, 921, 220, 403, 647, 761, 654, 695, 506]

[162, 571, 374, 549, 337, 742, 419, 399, 288, 19, 562, 660, 72, 313, 820, 977, 643, 971, 968, 455, 506, 53, 440, 576, 152, 796, 237, 239, 553, 102, 968, 964, 955, 273, 543, 69]

[751, 104, 40, 256, 748, 999, 60, 844, 321, 247, 27, 424, 724, 605, 904, 819, 355, 109, 496, 555, 710, 549, 485, 185, 487, 100, 553, 713, 968, 241, 402, 895, 136, 543, 873, 133]

[905, 214, 406, 857, 865, 445, 419, 379, 458, 203, 835, 92, 672, 510, 23, 466, 823, 194, 957, 281, 503, 811, 350, 348, 37, 174, 130, 936, 727, 857, 59, 489, 19, 955, 234, 853]

[564, 22, 673, 263, 555, 681, 62, 575, 478, 10, 673, 908, 495, 737, 307, 627, 820, 519, 211, 561, 638, 749, 406, 740, 8, 41, 697, 808, 30, 460, 894, 446, 311, 95, 409, 231]

[881, 283, 846, 230, 560, 71, 273, 467, 410, 836, 90, 267, 162, 861, 11, 45, 575, 714, 871, 184, 496, 284, 432, 936, 110, 707, 317, 103, 446, 626, 271, 824, 793, 596, 670, 742]

[722, 952, 940, 227, 60, 664, 374, 398, 981, 152, 387, 43, 59, 153, 194, 182, 898, 325, 20, 90, 423, 253, 51, 732, 67, 806, 990, 229, 839, 522, 426, 396, 505, 442, 214, 233]

[473, 1, 587, 782, 970, 212, 222, 25, 896, 334, 644, 12, 322, 304, 129, 813, 268, 749, 92, 736, 605, 716, 538, 635, 703, 159, 846, 938, 680, 224, 674, 313, 460, 282, 557, 904]

[261, 581, 913, 224, 648, 668, 839, 412, 749, 977, 178, 307, 603, 977, 524, 609, 645, 665, 897, 253, 933, 943, 318, 86, 164, 750, 525, 622, 283, 241, 89, 456, 689, 992, 640, 14]

[969, 720, 857, 299, 662, 13, 819, 936, 590, 379, 960, 178, 785, 738, 37, 488, 389, 576, 911, 194, 224, 584, 955, 733, 16, 32, 785, 211, 394, 232, 214, 863, 445, 862, 325, 558]

[242, 175, 346, 473, 715, 816, 971, 559, 909, 594, 523, 15, 587, 972, 819, 388, 768, 251, 575, 553, 801, 12, 651, 99, 4, 153, 656, 694, 73, 922, 983, 847, 772, 827, 201, 441]

[36, 60, 545, 764, 555, 734, 382, 7, 466, 64, 616, 390, 857, 425, 174, 439, 624, 816, 994, 102, 396, 184, 642, 840, 193, 759, 716, 492, 497, 158, 957, 453, 654, 802, 478, 493]

[890, 769, 891, 676, 0, 792, 49, 222, 942, 649, 364, 786, 210, 458, 810, 214, 222, 336, 663, 224, 457, 555, 398, 160, 452, 58, 745, 753, 669, 872, 566, 806, 403, 806, 686, 905]

[815, 16, 866, 246, 812, 604, 724, 111, 923, 4, 119, 113, 885, 901, 20, 307, 501, 24, 571, 606, 689, 798, 914, 808, 349, 200, 69, 163, 108, 196, 786, 258, 773, 731, 839, 732]

[838, 920, 843, 313, 479, 163, 374, 193, 285, 755, 693, 852, 241, 275, 446, 452, 533, 51, 732, 942, 386, 55, 455, 104, 985, 268, 836, 668, 964, 671, 293, 523, 56, 72, 724, 837]

[434, 635, 225, 828, 139, 759, 805, 48, 505, 71, 107, 149, 875, 543, 18, 129, 120, 968, 65, 889, 453, 908, 16, 499, 89, 686, 998, 758, 719, 864, 573, 902, 720, 704, 718, 420]

[938, 244, 449, 674, 952, 330, 102, 908, 95, 524, 769, 762, 91, 633, 110, 778, 100, 823, 521, 402, 720, 572, 632, 355, 918, 772, 591, 985, 308, 725, 784, 143, 430, 358, 213, 47]

[500, 134, 915, 63, 134, 921, 117, 711, 79, 788, 298, 439, 787, 418, 364, 86, 405, 327, 374, 405, 978, 401, 569, 17, 220, 391, 811, 528, 684, 906, 716, 123, 439, 96, 622, 329]

[779, 127, 873, 532, 191, 486, 737, 660, 61, 887, 333, 282, 84, 305, 236, 520, 678, 858, 885, 355, 826, 114, 571, 274, 375, 931, 499, 25, 487, 956, 468, 558, 515, 252, 762, 364]

[665, 939, 55, 582, 246, 324, 679, 275, 161, 351, 830, 983, 190, 596, 840, 539, 980, 890, 924, 27, 364, 445, 622, 141, 750, 749, 864, 393, 177, 67, 644, 348, 655, 743, 320, 599]

[491, 60, 319, 924, 592, 477, 920, 480, 607, 114, 701, 228, 436, 2, 419, 254, 438, 12, 560, 180, 569, 865, 606, 64, 762, 920, 666, 311, 278, 445, 65, 196, 79, 4, 1, 10]

[756, 919, 599, 406, 660, 831, 298, 802, 919, 432, 426, 502, 641, 829, 222, 498, 164, 794, 570, 838, 321, 136, 169, 794, 274, 730, 53, 321, 575, 455, 800, 16, 219, 41, 301, 405]

[146, 882, 752, 803, 722, 102, 583, 113, 642, 139, 796, 554, 323, 756, 160, 391, 378, 78, 349, 120, 231, 946, 968, 651, 414, 97, 769, 771, 271, 22, 320, 305, 300, 308, 582, 256]

[591, 368, 189, 954, 405, 906, 237, 600, 786, 93, 812, 655, 898, 462, 489, 326, 305, 249, 30, 324, 625, 694, 911, 158, 494, 283, 523, 222, 711, 131, 526, 847, 859, 812, 784, 205]

[716, 286, 774, 594, 77, 992, 323, 98, 476, 980, 714, 80, 204, 202, 235, 625, 515, 555, 480, 758, 674, 396, 626, 304, 590, 42, 741, 564, 505, 804, 388, 870, 430, 540, 459, 465]

[568, 280, 103, 388, 269, 413, 972, 809, 204, 883, 691, 207, 912, 531, 485, 671, 872, 84, 953, 107, 637, 150, 542, 834, 167, 846, 694, 857, 332, 95, 327, 99, 806, 202, 94, 825]

[72, 812, 170, 357, 133, 790, 299, 776, 893, 66, 773, 916, 716, 121, 61, 555, 801, 593, 582, 494, 376, 324, 88, 98, 956, 700, 367, 60, 21, 962, 715, 749, 153, 469, 841, 721]

[386, 560, 397, 978, 5, 908, 770, 961, 26, 437, 608, 828, 685, 729, 745, 355, 743, 578, 688, 869, 257, 485, 390, 503, 183, 603, 826, 252, 757, 957, 141, 553, 729, 244, 351, 735]

[276, 278, 857, 995, 966, 653, 320, 890, 965, 481, 474, 142, 674, 150, 977, 334, 176, 120, 305, 617, 657, 603, 264, 795, 767, 303, 137, 928, 196, 688, 452, 677, 423, 403, 894, 454]

[396, 117, 264, 298, 638, 798, 174, 26, 483, 794, 327, 49, 828, 704, 164, 342, 296, 92, 495, 492, 172, 591, 842, 218, 249, 118, 760, 486, 194, 344, 772, 405, 880, 304, 220, 534]

[331, 739, 577, 292, 935, 755, 366, 578, 930, 866, 331, 632, 638, 611, 501, 124, 447, 585, 771, 948, 434, 131, 151, 744, 207, 815, 592, 485, 5, 83, 592, 443, 41, 668, 886, 544]

[835, 917, 227, 477, 37, 65, 297, 118, 632, 323, 420, 575, 444, 538, 137, 106, 188, 3, 230, 710, 876, 318, 693, 449, 953, 43, 296, 429, 155, 965, 762, 985, 497, 28, 752, 446]

[481, 873, 211, 2, 330, 634, 426, 474, 552, 781, 200, 607, 203, 633, 223, 227, 341, 136, 16, 757, 134, 329, 321, 345, 326, 603, 505, 651, 110, 227, 659, 625, 67, 870, 404, 544]

[160, 986, 10, 375, 246, 278, 732, 752, 171, 467, 448, 165, 613, 882, 317, 943, 25, 852, 950, 73, 333, 240, 78, 475, 734, 519, 990, 42, 574, 276, 337, 661, 189, 936, 905, 91]

[267, 426, 824, 832, 616, 507, 108, 271, 848, 614, 175, 656, 367, 398, 434, 818, 964, 835, 206, 372, 597, 972, 655, 334, 207, 384, 430, 229, 247, 408, 9, 619, 2, 572, 793, 492]

[230, 494, 423, 564, 827, 563, 339, 39, 258, 5, 331, 313, 720, 709, 141, 388, 510, 790, 146, 559, 793, 541, 718, 731, 681, 109, 600, 505, 680, 912, 314, 775, 408, 287, 277, 146]

[449, 546, 917, 934, 679, 115, 100, 376, 532, 900, 206, 156, 751, 353, 673, 514, 912, 120, 750, 739, 214, 597, 712, 522, 120, 162, 488, 686, 52, 652, 899, 892, 607, 280, 313, 961]

[850, 4, 498, 173, 125, 667, 366, 962, 650, 720, 969, 268, 793, 852, 954, 795, 444, 626, 175, 371, 702, 775, 951, 789, 581, 303, 227, 622, 16, 514, 954, 197, 662, 926, 103, 450]

[630, 350, 217, 282, 597, 808, 335, 951, 895, 37, 246, 524, 429, 81, 448, 94, 135, 114, 619, 502, 902, 357, 979, 692, 608, 451, 412, 5, 953, 867, 529, 661, 675, 674, 2, 863]

[210, 85, 334, 184, 375, 823, 53, 812, 38, 374, 295, 473, 790, 415, 127, 664, 780, 42, 382, 762, 460, 8, 965, 422, 902, 456, 3, 64, 417, 394, 406, 886, 222, 939, 218, 180]

[68, 359, 691, 95, 331, 420, 561, 534, 599, 634, 383, 965, 339, 809, 200, 508, 111, 652, 655, 452, 216, 1, 856, 769, 819, 818, 369, 362, 774, 45, 647, 53, 762, 367, 46, 520]

[880, 736, 296, 691, 815, 856, 745, 545, 360, 304, 261, 878, 774, 186, 391, 210, 853, 322, 631, 290, 822, 190, 678, 80, 116, 97, 953, 761, 694, 597, 304, 124, 649, 222, 66, 771]

[513, 700, 839, 857, 261, 193, 793, 460, 44, 249, 840, 684, 111, 366, 265, 217, 221, 595, 178, 267, 549, 193, 588, 482, 627, 581, 757, 926, 514, 10, 122, 473, 130, 235, 14, 937]

[102, 97, 209, 98, 630, 970, 415, 527, 860, 267, 427, 41, 788, 372, 512, 560, 893, 353, 61, 334, 510, 490, 195, 451, 767, 184, 812, 627, 741, 943, 489, 412, 737, 379, 287, 156]

[214, 891, 704, 335, 710, 771, 930, 221, 992, 349, 542, 986, 543, 511, 519, 639, 658, 80, 708, 535, 427, 491, 524, 36, 911, 494, 965, 383, 49, 149, 977, 142, 651, 687, 342, 495]

[154, 42, 168, 347, 12, 347, 69, 958, 289, 453, 469, 67, 163, 547, 204, 5, 596, 169, 958, 183, 451, 507, 918, 573, 50, 305, 778, 276, 862, 259, 630, 228, 540, 558, 3, 62]

[5, 737, 820, 280, 782, 657, 685, 325, 54, 711, 465, 609, 148, 236, 358, 362, 933, 995, 719, 411, 287, 148, 390, 770, 781, 577, 292, 545, 288, 425, 70, 738, 70, 867, 853, 459]

[529, 308, 411, 832, 751, 521, 829, 336, 825, 480, 369, 176, 170, 113, 557, 268, 590, 850, 465, 236, 68, 135, 627, 643, 778, 673, 533, 26, 707, 229, 453, 387, 600, 741, 345, 842]

[920, 476, 204, 925, 421, 563, 666, 61, 205, 329, 532, 389, 65, 319, 104, 382, 790, 320, 808, 733, 125, 328, 101, 284, 273, 692, 288, 381, 141, 183, 228, 590, 319, 781, 820, 69]

[317, 231, 805, 125, 402, 327, 495, 793, 309, 686, 805, 77, 775, 281, 214, 140, 335, 986, 56, 155, 147, 107, 985, 125, 205, 381, 609, 192, 640, 6, 647, 268, 701, 289, 550, 60]

[918, 216, 531, 237, 55, 484, 982, 939, 868, 69, 323, 483, 690, 525, 444, 451, 326, 982, 556, 382, 796, 548, 803, 627, 102, 541, 49, 853, 537, 213, 249, 670, 453, 158, 660, 260]

[25, 741, 110, 709, 672, 328, 577, 943, 876, 779, 508, 8, 781, 250, 719, 372, 278, 64, 742, 117, 629, 605, 791, 893, 989, 463, 322, 231, 498, 32, 645, 107, 288, 877, 793, 792]

[439, 798, 52, 611, 279, 297, 99, 374, 653, 841, 412, 452, 599, 260, 422, 825, 786, 827, 877, 687, 421, 554, 574, 59, 513, 911, 267, 861, 815, 759, 227, 334, 742, 532, 625, 348]

[24, 539, 584, 937, 209, 729, 216, 402, 115, 318, 719, 123, 760, 314, 679, 312, 205, 67, 967, 502, 782, 233, 513, 623, 540, 617, 760, 20, 401, 109, 172, 598, 540, 444, 820, 533]

[581, 886, 782, 593, 750, 832, 29, 719, 811, 174, 488, 51, 920, 822, 635, 364, 718, 193, 69, 733, 562, 349, 21, 399, 730, 733, 273, 820, 613, 322, 476, 326, 510, 298, 883, 542]

[403, 551, 757, 401, 768, 123, 301, 525, 900, 935, 701, 825, 197, 467, 481, 794, 501, 456, 29, 89, 456, 809, 243, 546, 464, 287, 181, 448, 791, 315, 51, 396, 120, 79, 386, 941]

[579, 710, 489, 57, 811, 746, 577, 905, 414, 652, 625, 154, 872, 717, 523, 656, 700, 99, 727, 629, 360, 376, 57, 687, 860, 101, 129, 568, 839, 451, 400, 319, 910, 810, 186, 980]

[50, 922, 20, 592, 757, 359, 794, 666, 681, 26, 741, 470, 420, 889, 968, 465, 475, 857, 46, 992, 82, 546, 602, 485, 982, 329, 731, 107, 919, 443, 73, 401, 710, 140, 288, 530]

[326, 104, 136, 774, 794, 785, 238, 537, 83, 151, 588, 889, 300, 325, 847, 77, 284, 872, 298, 656, 431, 651, 167, 821, 250, 973, 133, 981, 57, 644, 731, 891, 527, 907, 15, 65]

[648, 703, 331, 364, 438, 527, 684, 513, 63, 186, 113, 499, 591, 514, 869, 981, 703, 134, 768, 81, 722, 461, 440, 339, 648, 214, 583, 512, 9, 93, 482, 800, 215, 856, 470, 90]

[120, 623, 207, 143, 223, 322, 966, 70, 854, 700, 942, 247, 290, 245, 819, 443, 27, 454, 623, 120, 895, 885, 714, 99, 634, 41, 446, 774, 467, 143, 829, 201, 110, 346, 647, 756]

[689, 858, 603, 203, 30, 131, 345, 762, 764, 6, 562, 743, 282, 692, 725, 224, 618, 319, 895, 761, 189, 251, 878, 288, 344, 257, 98, 124, 971, 429, 777, 39, 690, 701, 277, 596]

[562, 882, 116, 819, 353, 987, 883, 242, 234, 140, 80, 566, 348, 158, 3, 551, 311, 896, 311, 153, 514, 563, 571, 486, 587, 835, 344, 177, 492, 529, 527, 630, 190, 117, 169, 54]

[221, 657, 585, 318, 512, 985, 713, 190, 27, 614, 872, 791, 35, 34, 853, 862, 749, 374, 787, 21, 739, 992, 401, 745, 300, 608, 573, 438, 695, 264, 700, 526, 108, 628, 40, 928]

[751, 559, 751, 613, 42, 525, 252, 662, 733, 135, 716, 442, 685, 97, 335, 476, 822, 432, 720, 16, 830, 655, 11, 806, 896, 576, 11, 863, 546, 263, 197, 429, 299, 690, 532, 871]

[716, 869, 593, 513, 386, 147, 263, 826, 901, 871, 937, 119, 705, 31, 65, 797, 174, 882, 781, 651, 886, 928, 759, 902, 434, 936, 770, 271, 449, 567, 557, 151, 438, 44, 645, 186]

[237, 113, 699, 497, 683, 667, 270, 954, 783, 474, 495, 258, 696, 132, 624, 66, 36, 356, 127, 151, 322, 769, 573, 547, 300, 273, 133, 370, 237, 132, 995, 375, 787, 508, 147, 60]

[745, 954, 307, 528, 172, 668, 878, 579, 400, 154, 678, 133, 662, 649, 629, 269, 156, 623, 376, 166, 801, 356, 329, 443, 51, 817, 895, 394, 927, 715, 964, 31, 108, 400, 219, 215]

[341, 162, 972, 789, 145, 257, 237, 250, 689, 802, 22, 389, 149, 381, 841, 522, 475, 309, 629, 742, 341, 409, 262, 873, 246, 559, 34, 308, 769, 608, 850, 154, 285, 495, 523, 459]

[985, 562, 328, 212, 912, 107, 566, 618, 409, 425, 347, 156, 510, 23, 596, 657, 263, 206, 322, 511, 827, 942, 112, 114, 922, 727, 764, 189, 201, 975, 887, 67, 586, 836, 579, 638]

[392, 232, 728, 793, 572, 405, 651, 201, 351, 622, 187, 389, 845, 573, 777, 271, 90, 939, 747, 251, 692, 498, 565, 932, 940, 446, 22, 94, 834, 666, 266, 742, 372, 582, 249, 597]

[314, 206, 851, 571, 945, 102, 942, 233, 419, 2, 30, 127, 256, 634, 191, 596, 3, 635, 666, 539, 314, 352, 634, 746, 627, 919, 458, 207, 328, 224, 645, 579, 511, 152, 481, 488]

[441, 868, 544, 119, 237, 345, 637, 641, 904, 80, 0, 560, 714, 22, 101, 726, 480, 50, 7, 923, 578, 40, 413, 876, 265, 578, 311, 54, 279, 566, 791, 739, 594, 611, 318, 531]

[822, 573, 698, 403, 806, 576, 865, 427, 439, 873, 204, 553, 338, 103, 43, 580, 243, 841, 953, 851, 122, 617, 940, 851, 958, 62, 627, 439, 921, 87, 20, 770, 604, 651, 481, 56]

[263, 302, 134, 202, 381, 582, 730, 97, 786, 772, 968, 818, 322, 669, 729, 687, 208, 344, 15, 366, 31, 826, 256, 130, 673, 701, 933, 319, 241, 807, 806, 68, 951, 47, 677, 257]

[263, 442, 731, 480, 814, 259, 322, 464, 803, 426, 409, 763, 262, 619, 621, 90, 936, 623, 98, 847, 630, 816, 966, 991, 291, 213, 774, 451, 384, 637, 320, 675, 59, 921, 884, 555]



A8: 
[738, 434, 39, 698, 594, 306]

[357, 997, 376, 78, 850, 43]

[859, 753, 454, 105, 52, 636]

[923, 414, 436, 136, 436, 976]

[80, 990, 43, 637, 267, 982]

[727, 886, 569, 493, 777, 214]

[59, 450, 449, 128, 955, 582]

[706, 270, 374, 131, 662, 806]

[225, 109, 255, 335, 185, 782]

[164, 289, 795, 694, 932, 722]

[812, 975, 545, 29, 943, 798]

[132, 598, 25, 149, 810, 592]

[938, 518, 848, 591, 411, 610]

[800, 993, 454, 512, 287, 526]

[542, 249, 314, 401, 404, 559]

[453, 383, 563, 670, 399, 877]

[361, 611, 214, 142, 642, 777]

[146, 377, 490, 338, 761, 769]

[831, 82, 326, 478, 945, 536]

[791, 376, 495, 14, 994, 956]

[807, 711, 626, 152, 874, 816]

[668, 832, 210, 751, 440, 803]

[184, 976, 119, 519, 342, 431]

[944, 992, 166, 583, 862, 840]

[789, 465, 218, 81, 424, 992]

[960, 414, 697, 401, 576, 959]

[518, 137, 100, 515, 990, 446]

[489, 952, 585, 999, 268, 710]

[507, 800, 66, 657, 364, 997]

[916, 181, 703, 319, 933, 172]

[381, 69, 81, 299, 661, 546]

[83, 731, 283, 844, 91, 243]

[858, 61, 147, 858, 207, 290]

[365, 122, 628, 265, 771, 928]

[61, 239, 682, 136, 178, 567]

[915, 294, 529, 615, 983, 239]



Output Matrix:
[1283182123, 965452479, 1097651160, -1563311014, -113012693, -1965851903]

[-101912361, 1519323344, 1267944878, -392114547, 89446218, -766606471]

[1194283661, 60864442, -1230453990, -179422871, 205910041, -869882832]

[-1683025479, 210178051, -1026516736, 1555239546, -1771027826, -839054857]

[457642547, -1611931642, 1027944814, 1312287318, -43080659, 49064588]

[-219022413, 1169699587, -1817225105, -1185063027, 1027415796, 1880447068]

[-289744744, 1679771178, 379196635, -1557055735, -978594035, 416370333]

[-1672063201, -35759254, -399154966, -1018012024, 797540153, 487920130]

[336733551, 582836732, 730257361, 972671514, 1777055107, -749542079]

[-144935912, -131272548, 604745823, 430137808, -1651930981, 960186106]

[1150373965, -419258826, 1350790696, 1798090637, -1053587310, 432541457]

[1099038621, -1460631733, 209399482, 1956377947, 1452538815, 1550774052]

[2143007618, -124674131, -533475564, 856083335, 1934180918, -10335927]

[-1580563030, 58400075, -716277147, 2015933282, -1042710045, 624358593]

[5054365, 1021957370, -1436550444, -298253579, -728616816, -1243791895]

[1671816332, 1175677453, 1207812742, -1977425528, -599748930, 251780133]

[-418557242, -25737729, 1339345138, -1858820476, -1572625980, 813862662]

[626909657, -2142221435, -1410305069, -805702392, 608851522, -1303858621]

[1600106238, -2143718881, 1519506121, -964324348, 1952325232, -203728953]

[-114431893, -1879733807, 2100635760, 426307982, 423123211, -1788874646]

[156662511, -1053067280, -945064760, -851128958, 683650756, 371655796]

[-779182109, -1166762532, 133894438, 1403616031, -1189639805, -833584832]

[557991934, 1322932375, -1533927590, 1318562188, -239863968, -567983478]

